0010111001010011010011000100010101000100010001010011100010100001000000001011000100000001011110000000010001010110000000000000000000000000000000000000000000000000000000000000000000000000000000000000000000000000000000000000000000000000000000000000000000000000
0000000000000000000000000000000000000000000000000000000000000000000000000000000000000000000000000000000000000000000000000000000000000000000000000000000000000000000000000000000000000000000000000000000000000000000000000000000000000000000000000000000000000000
0000000000000000000000000000000000000000000000000000000000000000000000000000000000000000000000000000000000000000111100010000000110111010000110001011101000011011111110100001100110111010000001011011101000011011010101011011111100010111101011111101100100000100
0000000000000000001100010000000001000001000111100101101000000111110110100001010101010101101100111111101000001011110110100001010100110111010000110011100100000110010101011011001111111010000100001101101000010101000010110000000000100001000000000110000100011111
0111001100000000010101010110000000000100000001010000010110110101011100010000001000110101011101010111001100000000000001000000011001110001000001100100010101110110000101010110010101011010000101100111000100000111001101010111010100010101010100101000000100000110
0001101000010111011001011011100001010111101110000101100100010011011100110000000000000100000001010110000100000011000001010110010100110101101101010111001100000000010101011011000000000100000001100111000100000111010001010111011000000101101101100001010101100101
0101101000010110000101010101001000001011000000000010000100000000011100110000000001010101001100000110010110110000000001000000010100000101101101010111000100000010001101010111010101110011000000000101010100110000000001000000011001110001000001100100010101110110
0001010101100101010110100001011001110001000001110011010101110101000101010101001010000001000001100001101000010111011001011011100001010111101110000101100100001110011100110000000001010101001100000000010000000101011000010000001100000101011001010011010110110101
0111001100000000010101010011000001010101101100000000010000000110011100010000011101000101011101100000010110110110000101010110010101011010000101100001010101010010000010110000000000100001000000000111001100000000010101010011000001100101101100000000010000000101
0000010110110101011100010000001000110101011101010111001100000000010101010011000000000100000001100111000100000110010001010111011000010101011001010101101000010110011100010000011100110101011101010001010101010010100000010000011000011010000101110110010110111000
0101011110111000010110010001001101110011000000000101010100110000000001000000010101100001000000110000010101100101001101011011010101110011000000000101010110110000000001000000011001110001000001110100010101110110000001011011011000010101011001010101101000010110
0001010101010010000010110000000001110011000000100101010100110000000101000000001000001011000000000110001100000000000001000000011001000101010101100000010110110110010100100000011000001011000000000111001100000000010101010011000000000100000001010111001000001000
0110010110110111010001010111010101100001000001110000010101100101010110100001011001110010000010000011010101110101000101010101001000001011000000000011000100000000010000010010000001110011000000100101010100110000000001100000001000010100000000100101010110110011
0010011101000011111110010001100000001011000000000111001100000010001100010000000001000001001000000111001100000010010101010011000000000100000000100001010000001010011100110000000001010101001100000001010000000010010101011011001100100111010000110101100100011010
0000101100000000011100110000001000110001000000000100000100100000011100110000001001010101001100000000010000000010000101100000001001010101101100110010011101000011000110010001110000001011000000000000110000000000000011000000000000001100000000000000110000000000
0000110000000000000011000000000000001100000000000000110000000000000011000000000000001100000000000000110000000000000011000000000000001100000000000000110000000000000011000000000000001100000000000000110000000000000011000000000000001100000000000000110000000000
0000110000000000000011000000000000001100000000000000110000000000000011000000000000001100000000000000110000000000000011000000000000001100000000000000110000000000000011000000000000001100000000000000110000000000000011000000000000001100000000000000110000000000
0000110000000000000011000000000000001100000000000000110000000000000011000000000000001100000000000000110000000000000011000000000000001100000000000000110000000000000011000000000000001100000000000000110000000000000011000000000000001100000000000000110000000000
0000110000000000000011000000000000001100000000000000110000000000000011000000000000001100000000000000110000000000000011000000000000001100000000000000110000000000000011000000000000001100000000000000110000000000000011000000000000001100000000000000110000000000
0000110000000000000011000000000000001100000000000000110000000000000011000000000000001100000000000000110000000000000011000000000000001100000000000000110000000000000011000000000000001100000000000000110000000000000011000000000000001100000000000000110000000000
0000110000000000000011000000000000001100000000000000110000000000000011000000000000001100000000000000110000000000000011000000000000001100000000000000110000000000000011000000000000001100000000000000110000000000000011000000000000001100000000000000110000000000
0000110000000000000011000000000000001100000000000000110000000000000011000000000000001100000000000000110000000000000011000000000000001100000000000000110000000000000011000000000000001100000000000000110000000000000011000000000000001100000000000000110000000000
0000110000000000000011000000000000001100000000000000110000000000000011000000000000001100000000000000110000000000000011000000000000001100000000000000110000000000000011000000000000001100000000000000110000000000000011000000000000001100000000000000110000000000
0000110000000000000011000000000000001100000000000000110000000000000011000000000000001100000000000000110000000000000011000000000000001100000000000000110000000000000011000000000000001100000000000000110000000000000011000000000000001100000000000000110000000000
0000110000000000000011000000000000001100000000000000110000000000000011000000000000001100000000000000110000000000000011000000000000001100000000000000110000000000000011000000000000001100000000000000110000000000000011000000000000001100000000000000110000000000
0000110000000000000011000000000000001100000000000000110000000000000011000000000000001100000000000000110000000000000011000000000000001100000000000000110000000000000011000000000000001100000000000000110000000000000011000000000000001100000000000000110000000000
0000110000000000000011000000000000001100000000000000110000000000000011000000000000001100000000000000110000000000000011000000000000001100000000000000110000000000000011000000000000001100000000000000110000000000000011000000000000001100000000000000110000000000
0000110000000000000011000000000000001100000000000000110000000000000011000000000000001100000000000000110000000000000011000000000000001100000000000000110000000000000011000000000000001100000000000000110000000000000011000000000000001100000000000000110000000000
0000110000000000000011000000000000001100000000000000110000000000000011000000000000001100000000000000110000000000000011000000000000001100000000000000110000000000000011000000000000001100000000000000110000000000000011000000000000001100000000000000110000000000
0000110000000000000011000000000000001100000000000000110000000000000011000000000000001100000000000000110000000000000011000000000000001100000000000000110000000000000011000000000000001100000000000000110000000000000011000000000000001100000000000000110000000000
0000110000000000000011000000000000001100000000000000110000000000000011000000000000001100000000000000110000000000000011000000000000001100000000000000110000000000000011000000000000001100000000000000110000000000000011000000000000001100000000000000110000000000
0000110000000000000011000000000000001100000000000000110000000000000011000000000000001100000000000000110000000000000011000000000000001100000000000000110000000000000011000000000000001100000000000000110000000000000011000000000000001100000000000000110000000000
0000110000000000000011000000000000001100000000000000110000000000000011000000000000001100000000000000110000000000000011000000000000001100000000000000110000000000000011000000000000001100000000000000110000000000000011000000000000001100000000000000110000000000
0000110000000000000011000000000000001100000000000000110000000000000011000000000000001100000000000000110000000000000011000000000000001100000000000000110000000000000011000000000000001100000000000000110000000000000011000000000000001100000000000000110000000000
0000110000000000000011000000000000001100000000000000110000000000000011000000000000001100000000000000110000000000000011000000000000001100000000000000110000000000000011000000000000001100000000000000110000000000000011000000000000001100000000000000110000000000
0000110000000000000011000000000000001100000000000000110000000000000011000000000000001100000000000000110000000000000011000000000000001100000000000000110000000000000011000000000000001100000000000000110000000000000011000000000000001100000000000000110000000000
0000110000000000000011000000000000001100000000000000110000000000000011000000000000001100000000000000110000000000000011000000000000001100000000000000110000000000000011000000000000001100000000000000110000000000000011000000000000001100000000000000110000000000
0000110000000000000011000000000000001100000000000000110000000000000011000000000000001100000000000000110000000000000011000000000000001100000000000000110000000000000011000000000000001100000000000000110000000000000011000000000000001100000000000000110000000000
0000110000000000000011000000000000001100000000000000110000000000000011000000000000001100000000000000110000000000000011000000000000001100000000000000110000000000000011000000000000001100000000000000110000000000000011000000000000001100000000000000110000000000
0000110000000000000011000000000000001100000000000000110000000000000011000000000000001100000000000000110000000000000011000000000000001100000000000000110000000000000011000000000000001100000000000000110000000000000011000000000000001100000000000000110000000000
0000110000000000000011000000000000001100000000000000110000000000000011000000000000001100000000000000110000000000000011000000000000001100000000000000110000000000000011000000000000001100000000000000110000000000000011000000000000001100000000000000110000000000
0000110000000000000011000000000000001100000000000000110000000000000011000000000000001100000000000000110000000000000011000000000000001100000000000000110000000000000011000000000000001100000000000000110000000000000011000000000000001100000000000000110000000000
0000110000000000000011000000000000001100000000000000110000000000000011000000000000001100000000000000110000000000000011000000000000001100000000000000110000000000000011000000000000001100000000000000110000000000000011000000000000001100000000000000110000000000
0000110000000000000011000000000000001100000000000000110000000000000011000000000000001100000000000000110000000000000011000000000000001100000000000000110000000000000011000000000000001100000000000000110000000000000011000000000000001100000000000000110000000000
0000110000000000000011000000000000001100000000000000110000000000000011000000000000001100000000000000110000000000000011000000000000001100000000000000110000000000000011000000000000001100000000000000110000000000000011000000000000001100000000000000110000000000
0000110000000000000011000000000000001100000000000000110000000000000011000000000000001100000000000000110000000000000011000000000000001100000000000000110000000000000011000000000000001100000000000000110000000000000011000000000000001100000000000000110000000000
0000110000000000000011000000000000001100000000000000110000000000000011000000000000001100000000000000110000000000000011000000000000001100000000000000110000000000000011000000000000001100000000000000110000000000000011000000000000001100000000000000110000000000
0000110000000000000011000000000000001100000000000000110000000000000011000000000000001100000000000000110000000000000011000000000000001100000000000000110000000000000011000000000000001100000000000000110000000000000011000000000000001100000000000000110000000000
0000110000000000000011000000000000001100000000000000110000000000000011000000000000001100000000000000110000000000000011000000000000001100000000000000110000000000000011000000000000001100000000000000110000000000000011000000000000001100000000000000110000000000
0000110000000000000011000000000000001100000000000000110000000000000011000000000000001100000000000000110000000000000011000000000000001100000000000000110000000000000011000000000000001100000000000000110000000000000011000000000000001100000000000000110000000000
0000110000000000000011000000000000001100000000000000110000000000000011000000000000001100000000000000110000000000000011000000000000001100000000000000110000000000000011000000000000001100000000000000110000000000000011000000000000001100000000000000110000000000
0000110000000000000011000000000000001100000000000000110000000000000011000000000000001100000000000000110000000000000011000000000000001100000000000000110000000000000011000000000000001100000000000000110000000000000011000000000000001100000000000000110000000000
0000110000000000000011000000000000001100000000000000110000000000000011000000000000001100000000000000110000000000000011000000000000001100000000000000110000000000000011000000000000001100000000000000110000000000000011000000000000001100000000000000110000000000
0000110000000000000011000000000000001100000000000000110000000000000011000000000000001100000000000000110000000000000011000000000000001100000000000000110000000000000011000000000000001100000000000000110000000000000011000000000000001100000000000000110000000000
0000110000000000000011000000000000001100000000000000110000000000000011000000000000001100000000000000110000000000000011000000000000001100000000000000110000000000000011000000000000001100000000000000110000000000000011000000000000001100000000000000110000000000
0000110000000000000011000000000000001100000000000000110000000000000011000000000000001100000000000000110000000000000011000000000000001100000000000000110000000000000011000000000000001100000000000000110000000000000011000000000000001100000000000000110000000000
0000110000000000000011000000000000001100000000000000110000000000000011000000000000001100000000000000110000000000000011000000000000001100000000000000110000000000000011000000000000001100000000000000110000000000000011000000000000001100000000000000110000000000
0000110000000000000011000000000000001100000000000000110000000000000011000000000000001100000000000000110000000000000011000000000000001100000000000000110000000000000011000000000000001100000000000000110000000000000011000000000000001100000000000000110000000000
0000110000000000000011000000000000001100000000000000110000000000000011000000000000001100000000000000110000000000000011000000000000001100000000000000110000000000000011000000000000001100000000000000110000000000000011000000000000001100000000000000110000000000
0000110000000000000011000000000000001100000000000000110000000000000011000000000000001100000000000000110000000000000011000000000000001100000000000000110000000000000011000000000000001100000000000000110000000000000011000000000000001100000000000000110000000000
0000110000000000000011000000000000001100000000000000110000000000000011000000000000001100000000000000110000000000000011000000000000001100000000000000110000000000000011000000000000001100000000000000110000000000000011000000000000001100000000000000110000000000
0000110000000000000011000000000000001100000000000000110000000000000011000000000000001100000000000000110000000000000011000000000000001100000000000000110000000000000011000000000000001100000000000000110000000000000011000000000000001100000000000000110000000000
0000110000000000000011000000000000001100000000000000110000000000000011000000000000001100000000000000110000000000000011000000000000001100000000000000110000000000000011000000000000001100000000000000110000000000000011000000000000001100000000000000110000000000
0000110000000000000011000000000000001100000000000000110000000000000011000000000000001100000000000000110000000000000011000000000000001100000000000000110000000000000011000000000000001100000000000000110000000000000011000000000000001100000000000000110000000000
0000110000000000000011000000000000001100000000000000110000000000000011000000000000001100000000000000110000000000000011000000000000001100000000000000110000000000000011000000000000001100000000000000110000000000000011000000000000001100000000000000110000000000
0000110000000000000011000000000000001100000000000000110000000000000011000000000000001100000000000000110000000000000011000000000000001100000000000000110000000000000011000000000000001100000000000000110000000000000011000000000000001100000000000000110000000000
0000110000000000000011000000000000001100000000000000110000000000000011000000000000001100000000000000110000000000000011000000000000001100000000000000110000000000000011000000000000001100000000000000110000000000000011000000000000001100000000000000110000000000
0000110000000000000011000000000000001100000000000000110000000000000011000000000000001100000000000000110000000000000011000000000000001100000000000000110000000000000011000000000000001100000000000000110000000000000011000000000000001100000000000000110000000000
0000110000000000000011000000000000001100000000000000110000000000000011000000000000001100000000000000110000000000000011000000000000001100000000000000110000000000000011000000000000001100000000000000110000000000000011000000000000001100000000000000110000000000
0000110000000000000011000000000000001100000000000000110000000000000011000000000000001100000000000000110000000000000011000000000000001100000000000000110000000000000011000000000000001100000000000000110000000000000011000000000000001100000000000000110000000000
0000110000000000000011000000000000001100000000000000110000000000000011000000000000001100000000000000110000000000000011000000000000001100000000000000110000000000000011000000000000001100000000000000110000000000000011000000000000001100000000000000110000000000
0000110000000000000011000000000000001100000000000000110000000000000011000000000000001100000000000000110000000000000011000000000000001100000000000000110000000000000011000000000000001100000000000000110000000000000011000000000000001100000000000000110000000000
0000110000000000000011000000000000001100000000000000110000000000000011000000000000001100000000000000110000000000000011000000000000001100000000000000110000000000000011000000000000001100000000000000110000000000000011000000000000001100000000000000110000000000
0000110000000000000011000000000000001100000000000000110000000000000011000000000000001100000000000000110000000000000011000000000000001100000000000000110000000000000011000000000000001100000000000000110000000000000011000000000000001100000000000000110000000000
0000110000000000000011000000000000001100000000000000110000000000000011000000000000001100000000000000110000000000000011000000000000001100000000000000110000000000000011000000000000001100000000000000110000000000000011000000000000001100000000000000110000000000
0000110000000000000011000000000000001100000000000000110000000000000011000000000000001100000000000000110000000000000011000000000000001100000000000000110000000000000011000000000000001100000000000000110000000000000011000000000000001100000000000000110000000000
0000110000000000000011000000000000001100000000000000110000000000000011000000000000001100000000000000110000000000000011000000000000001100000000000000110000000000000011000000000000001100000000000000110000000000000011000000000000001100000000000000110000000000
0000110000000000000011000000000000001100000000000000110000000000000011000000000000001100000000000000110000000000000011000000000000001100000000000000110000000000000011000000000000001100000000000000110000000000000011000000000000001100000000000000110000000000
0000110000000000000011000000000000001100000000000000110000000000000011000000000000001100000000000000110000000000000011000000000000001100000000000000110000000000000011000000000000001100000000000000110000000000000011000000000000001100000000000000110000000000
0000110000000000000011000000000000001100000000000000110000000000000011000000000000001100000000000000110000000000000011000000000000001100000000000000110000000000000011000000000000001100000000000000110000000000000011000000000000001100000000000000110000000000
0000110000000000000011000000000000001100000000000000110000000000000011000000000000001100000000000000110000000000000011000000000000001100000000000000110000000000000011000000000000001100000000000000110000000000000011000000000000001100000000000000110000000000
0000110000000000000011000000000000001100000000000000110000000000000011000000000000001100000000000000110000000000000011000000000000001100000000000000110000000000000011000000000000001100000000000000110000000000000011000000000000001100000000000000110000000000
0000110000000000000011000000000000001100000000000000110000000000000011000000000000001100000000000000110000000000000011000000000000001100000000000000110000000000000011000000000000001100000000000000110000000000000011000000000000001100000000000000110000000000
0000110000000000000011000000000000001100000000000000110000000000000011000000000000001100000000000000110000000000000011000000000000001100000000000000110000000000000011000000000000001100000000000000110000000000000011000000000000001100000000000000110000000000
0000110000000000000011000000000000001100000000000000110000000000000011000000000000001100000000000000110000000000000011000000000000001100000000000000110000000000000011000000000000001100000000000000110000000000000011000000000000001100000000000000110000000000
0000110000000000000011000000000000001100000000000000110000000000000011000000000000001100000000000000110000000000000011000000000000001100000000000000110000000000000011000000000000001100000000000000110000000000000011000000000000001100000000000000110000000000
0000110000000000000011000000000000001100000000000000110000000000000011000000000000001100000000000000110000000000000011000000000000001100000000000000110000000000000011000000000000001100000000000000110000000000000011000000000000001100000000000000110000000000
0000110000000000000011000000000000001100000000000000110000000000000011000000000000001100000000000000110000000000000011000000000000001100000000000000110000000000000011000000000000001100000000000000110000000000000011000000000000001100000000000000110000000000
0000110000000000000011000000000000001100000000000000110000000000000011000000000000001100000000000000110000000000000011000000000000001100000000000000110000000000000011000000000000001100000000000000110000000000000011000000000000001100000000000000110000000000
0000110000000000000011000000000000001100000000000000110000000000000011000000000000001100000000000000110000000000000011000000000000001100000000000000110000000000000011000000000000001100000000000000110000000000000011000000000000001100000000000000110000000000
0000110000000000000011000000000000001100000000000000110000000000000011000000000000001100000000000000110000000000000011000000000000001100000000000000110000000000000011000000000000001100000000000000110000000000000011000000000000001100000000000000110000000000
0000110000000000000011000000000000001100000000000000110000000000000011000000000000001100000000000000110000000000000011000000000000001100000000000000110000000000000011000000000000001100000000000000110000000000000011000000000000001100000000000000110000000000
0000110000000000000011000000000000001100000000000000110000000000000011000000000000001100000000000000110000000000000011000000000000001100000000000000110000000000000011000000000000001100000000000000110000000000000011000000000000001100000000000000110000000000
0000110000000000000011000000000000001100000000000000110000000000000011000000000000001100000000000000110000000000000011000000000000001100000000000000110000000000000011000000000000001100000000000000110000000000000011000000000000001100000000000000110000000000
0000110000000000000011000000000000001100000000000000110000000000000011000000000000001100000000000000110000000000000011000000000000001100000000000000110000000000000011000000000000001100000000000000110000000000000011000000000000001100000000000000110000000000
0000110000000000000011000000000000001100000000000000110000000000000011000000000000001100000000000000110000000000000011000000000000001100000000000000110000000000000011000000000000001100000000000000110000000000000011000000000000001100000000000000110000000000
0000110000000000000011000000000000001100000000000000110000000000000011000000000000001100000000000000110000000000000011000000000000001100000000000000110000000000000011000000000000001100000000000000110000000000000011000000000000001100000000000000110000000000
0000110000000000000011000000000000001100000000000000110000000000000011000000000000001100000000000000110000000000000011000000000000001100000000000000110000000000000011000000000000001100000000000000110000000000000011000000000000001100000000000000110000000000
0000110000000000000011000000000000001100000000000000110000000000000011000000000000001100000000000000110000000000000011000000000000001100000000000000110000000000000011000000000000001100000000000000110000000000000011000000000000001100000000000000110000000000
0000110000000000000011000000000000001100000000000000110000000000000011000000000000001100000000000000110000000000000011000000000000001100000000000000110000000000000011000000000000001100000000000000110000000000000011000000000000001100000000000000110000000000
0000110000000000000011000000000000001100000000000000110000000000000011000000000000001100000000000000110000000000000011000000000000001100000000000000110000000000000011000000000000001100000000000000110000000000000011000000000000001100000000000000110000000000
0000110000000000000011000000000000001100000000000000110000000000000011000000000000001100000000000000110000000000000011000000000000001100000000000000110000000000000011000000000000001100000000000000110000000000000011000000000000001100000000000000110000000000
0000110000000000000011000000000000001100000000000000110000000000000011000000000000001100000000000000110000000000000011000000000000001100000000000000110000000000000011000000000000001100000000000000110000000000000011000000000000001100000000000000110000000000
0000110000000000000011000000000000001100000000000000110000000000000011000000000000001100000000000000110000000000000011000000000000001100000000000000110000000000000011000000000000001100000000000000110000000000000011000000000000001100000000000000110000000000
0000110000000000000011000000000000001100000000000000110000000000000011000000000000001100000000000000110000000000000011000000000000001100000000000000110000000000000011000000000000001100000000000000110000000000000011000000000000001100000000000000110000000000
0000110000000000000011000000000000001100000000000000110000000000000011000000000000001100000000000000110000000000000011000000000000001100000000000000110000000000000011000000000000001100000000000000110000000000000011000000000000001100000000000000110000000000
0000110000000000000011000000000000001100000000000000110000000000000011000000000000001100000000000000110000000000000011000000000000001100000000000000110000000000000011000000000000001100000000000000110000000000000011000000000000001100000000000000110000000000
0000110000000000000011000000000000001100000000000000110000000000000011000000000000001100000000000000110000000000000011000000000000001100000000000000110000000000000011000000000000001100000000000000110000000000000011000000000000001100000000000000110000000000
0000110000000000000011000000000000001100000000000000110000000000000011000000000000001100000000000000110000000000000011000000000000001100000000000000110000000000000011000000000000001100000000000000110000000000000011000000000000001100000000000000110000000000
0000110000000000000011000000000000001100000000000000110000000000000011000000000000001100000000000000110000000000000011000000000000001100000000000000110000000000000011000000000000001100000000000000110000000000000011000000000000001100000000000000110000000000
0000110000000000000011000000000000001100000000000000110000000000000011000000000000001100000000000000110000000000000011000000000000001100000000000000110000000000000011000000000000001100000000000000110000000000000011000000000000001100000000000000110000000000
0000110000000000000011000000000000001100000000000000110000000000000011000000000000001100000000000000110000000000000011000000000000001100000000000000110000000000000011000000000000001100000000000000110000000000000011000000000000001100000000000000110000000000
0000110000000000000011000000000000001100000000000000110000000000000011000000000000001100000000000000110000000000000011000000000000001100000000000000110000000000000011000000000000001100000000000000110000000000000011000000000000001100000000000000110000000000
0000110000000000000011000000000000001100000000000000110000000000000011000000000000001100000000000000110000000000000011000000000000001100000000000000110000000000000011000000000000001100000000000000110000000000000011000000000000001100000000000000110000000000
0000110000000000000011000000000000001100000000000000110000000000000011000000000000001100000000000000110000000000000011000000000000001100000000000000110000000000000011000000000000001100000000000000110000000000000011000000000000001100000000000000110000000000
0000110000000000000011000000000000001100000000000000110000000000000011000000000000001100000000000000110000000000000011000000000000001100000000000000110000000000000011000000000000001100000000000000110000000000000011000000000000001100000000000000110000000000
0000110000000000000011000000000000001100000000000000110000000000000011000000000000001100000000000000110000000000000011000000000000001100000000000000110000000000000011000000000000001100000000000000110000000000000011000000000000001100000000000000110000000000
0000110000000000000011000000000000001100000000000000110000000000000011000000000000001100000000000000110000000000000011000000000000001100000000000000110000000000000011000000000000001100000000000000110000000000000011000000000000001100000000000000110000000000
0000110000000000000011000000000000001100000000000000110000000000000011000000000000001100000000000000110000000000000011000000000000001100000000000000110000000000000011000000000000001100000000000000110000000000000011000000000000001100000000000000110000000000
0000110000000000000011000000000000001100000000000000110000000000000011000000000000001100000000000000110000000000000011000000000000001100000000000000110000000000000011000000000000001100000000000000110000000000000011000000000000001100000000000000110000000000
0000110000000000000011000000000000001100000000000000110000000000000011000000000000001100000000000000110000000000000011000000000000001100000000000000110000000000000011000000000000001100000000000000110000000000000011000000000000001100000000000000110000000000
0000110000000000000011000000000000001100000000000000110000000000000011000000000000001100000000000000110000000000000011000000000000001100000000000000110000000000000011000000000000001100000000000000110000000000000011000000000000001100000000000000110000000000
0000110000000000000011000000000000001100000000000000110000000000000011000000000000001100000000000000110000000000000011000000000000001100000000000000110000000000000011000000000000001100000000000000110000000000000011000000000000001100000000000000110000000000
0000110000000000000011000000000000001100000000000000110000000000000011000000000000001100000000000000110000000000000011000000000000001100000000000000110000000000000011000000000000001100000000000000110000000000000011000000000000001100000000000000110000000000
0000110000000000000011000000000000001100000000000000110000000000000011000000000000001100000000000000110000000000000011000000000000001100000000000000110000000000000011000000000000001100000000000000110000000000000011000000000000001100000000000000110000000000
0000110000000000000011000000000000001100000000000000110000000000000011000000000000001100000000000000110000000000000011000000000000001100000000000000110000000000000011000000000000001100000000000000110000000000000011000000000000001100000000000000110000000000
0000110000000000000011000000000000001100000000000000110000000000000011000000000000001100000000000000110000000000000011000000000000001100000000000000110000000000000011000000000000001100000000000000110000000000000011000000000000001100000000000000110000000000
0000110000000000000011000000000000001100000000000000110000000000000011000000000000001100000000000000110000000000000011000000000000001100000000000000110000000000000011000000000000001100000000000000110000000000000011000000000000001100000000000000110000000000